	score1	score2	score3	score4
datum6	10.234	13.836	11.426	426.797
datum7	5.164	13.947	13.982	33.661
datum8	6.383	7.714	13.456	21.934
datum9	14.820	14.229	15.371	24.321
datum10	2.536	8.348	15.412	32.036
datum11	7.170	9.301	19.022	48.800
datum12	11.786	10.447	17.501	288.791
datum5_winner	302.505	150.483	1952.222	1119.167
datum13	14.438	3.289	10.083	30.092
datum14	8.898	5.538	12.530	27.300
datum15	19.512	13.742	12.792	21.480
datum16	2.239	16.706	11.119	413.697
datum17	4.205	3.888	11.379	38.939
datum18	0.324	15.857	12.784	34.820
datum19	18.520	10.810	15.471	78.653
datum20	3.276	15.318	12.040	20.198
datum1_winner	51.123	187.342	1290.674	36769.698
datum21	0.685	10.402	12.167	2367.080
datum22	2.770	1.404	13.232	28.260
datum23	0.765	11.904	10.458	59.597
datum24	16.323	0.759	15.473	80.292
datum25	19.640	5.079	17.191	114.785
datum26	15.147	11.645	19.974	63.341
datum27	8.470	9.897	12.083	97.135
datum28	11.114	6.900	19.825	20.423
datum29	11.807	9.795	14.173	23.065
datum30	18.378	14.121	10.235	28.289
datum31	10.830	14.711	11.214	34.826
datum32	14.482	7.195	12.848	22.821
datum33	1.457	5.757	11.965	44.669
datum34	7.875	3.277	11.812	27.037
datum35	11.398	2.460	12.283	50.736
datum4_winner	209.139	812.053	1042.860	3307.762
datum36	1.384	16.131	19.017	804.138
datum37	8.736	3.399	18.138	774.798
datum38	1.967	2.692	13.599	51.915
datum39	9.635	7.505	19.159	38.970
datum40	6.320	10.574	14.961	43.228
datum41	13.196	1.943	11.095	20.295
datum42	12.756	13.228	19.444	25.741
datum43	14.400	14.947	13.746	38.387
datum44	12.740	9.777	15.025	35.238
datum45	2.202	14.090	16.563	30.580
datum46	8.953	8.708	10.854	31.932
datum47	8.006	12.979	12.891	34.573
datum48	9.060	13.699	10.278	20.947
datum49	1.063	13.683	16.538	69.327
datum50	12.263	3.547	16.526	48.888
datum51	11.151	14.156	10.654	120.980
datum52	2.534	6.600	17.064	522.573
datum53	19.067	11.198	11.877	29.773
datum54	3.027	14.397	15.420	58.887
datum55	1.277	5.191	14.561	49.595
datum56	7.213	3.787	16.317	37.972
datum57	8.858	1.672	18.143	88.115
datum58	2.942	5.076	14.871	31.536
datum59	13.139	2.771	15.693	38.166
datum60	13.527	3.055	17.090	45.312
datum61	2.023	10.742	12.732	51.697
datum62	1.451	0.213	11.014	25.283
datum63	11.120	4.214	18.147	177.016
datum64	7.656	2.227	10.921	32.683
datum65	4.339	13.703	11.698	60.309
datum66	16.185	3.652	12.111	24.764
datum67	13.994	10.457	14.654	157.052
datum68	12.494	11.531	12.530	26.851
datum69	1.837	1.472	12.601	22.814
datum70	19.924	1.626	18.676	20.917
datum71	9.710	2.448	19.110	24.400
datum72	11.059	16.177	16.970	133.201
datum73	16.552	5.785	15.895	20.247
datum74	2.532	16.212	12.985	27.660
datum75	6.661	7.494	13.451	349.216
datum76	15.722	16.377	17.490	70.037
datum77	16.067	2.089	15.089	21.782
datum78	15.331	5.580	12.403	21.516
datum79	17.275	12.405	16.808	104.925
datum80	4.192	10.480	11.505	39.758
datum81	18.952	13.306	14.142	30.802
datum82	10.565	5.323	12.950	56.353
datum83	0.581	3.330	12.855	21.684
datum84	17.066	14.316	11.271	26.149
datum85	10.571	7.883	13.051	119.956
datum86	18.962	13.074	11.445	109.906
datum87	19.357	4.350	11.277	27.504
datum2_winner	831.263	39.031	1023.151	1418.738
datum88	4.294	15.848	11.938	33.254
datum89	9.925	8.804	11.689	30.743
datum90	16.898	8.540	14.733	20.606
datum91	13.489	7.752	12.713	40.394
datum92	18.593	9.051	13.140	32.588
datum93	6.838	12.420	19.460	21.819
datum94	5.468	14.326	16.702	40.844
datum95	4.270	14.798	14.779	4586.754
datum3_winner	806.411	782.751	1671.403	1014.266
datum96	18.639	1.441	11.703	93.292
datum97	14.416	11.945	11.767	40.136
datum98	8.107	11.464	16.575	69.596
datum99	15.505	3.262	10.861	44.628
datum100	3.876	9.904	10.519	30.063
datum101	15.065	9.058	12.540	48.710
datum102	0.527	4.278	11.697	42.150
datum103	3.325	0.743	16.084	32.285
datum104	8.544	16.216	15.149	37.518
datum105	12.805	16.776	17.170	26.205
datum106	6.339	15.647	12.679	56.171
datum107	19.097	15.034	14.042	40.274
datum108	8.463	9.702	12.195	32.803
datum109	13.374	2.463	10.691	64.137
datum110	18.123	16.463	10.526	35.853
datum111	4.229	16.497	11.015	52.098
datum112	6.253	16.343	11.580	44.700
datum113	19.488	11.441	12.543	27.652
datum114	8.725	10.683	12.208	91.289
datum115	13.842	11.014	10.773	23.267
datum116	2.399	5.965	10.167	39.584
datum117	0.866	8.744	19.963	99.770
datum118	19.759	5.459	18.421	22.156
datum119	0.392	10.835	13.548	23.719
datum120	14.372	13.186	16.816	383.332
datum121	14.969	2.326	15.539	31.712
datum122	19.823	1.107	13.432	57.414
datum123	5.349	11.263	14.487	83.870
datum124	12.255	8.423	12.894	45.628
datum125	17.904	4.395	10.659	117.665
datum126	11.280	3.218	12.943	644.921
datum127	9.178	0.396	10.681	47.542
datum128	6.618	16.362	19.983	28.326
datum129	12.154	15.345	15.262	23.390
datum130	10.241	11.571	16.278	26.141
datum131	19.321	13.007	16.951	20.598
datum132	11.487	13.341	19.566	87.623
datum133	8.159	16.095	13.331	119.232
datum134	19.220	4.368	13.407	46.774
datum135	12.827	11.549	11.510	130.246
datum136	5.371	16.411	13.434	44.878
datum137	3.283	13.036	10.426	298.923
datum138	7.371	0.986	18.651	117.182
datum139	8.457	8.023	12.442	150.808
datum140	17.883	13.641	15.538	257.247
datum141	1.895	6.038	11.332	51.036
datum142	2.788	8.326	13.367	25.297
datum143	7.640	12.807	12.678	2181.885
datum144	8.650	14.976	12.513	33.833
datum145	13.353	5.375	12.577	268.848
datum146	14.982	13.326	13.193	252.777
datum147	17.758	12.557	19.713	135.765
datum148	19.184	12.832	10.973	35.189
datum149	11.375	15.761	14.245	228.673
datum150	9.775	14.849	19.282	509.081
datum151	11.254	11.771	12.221	850.034
datum152	17.872	1.355	15.776	23.902
datum153	16.769	12.500	15.101	44.232
datum154	19.163	5.896	12.939	73.181
datum155	4.398	13.585	11.196	41.203
datum156	5.846	16.055	10.332	29.893
datum157	1.771	16.199	16.190	66.925
datum158	2.051	16.149	10.831	204.466
datum159	9.472	6.816	15.991	23.404
datum160	14.200	15.314	11.580	292.607
datum161	0.573	12.637	12.844	25.442
datum162	9.941	4.544	17.974	39.839
datum163	5.262	2.574	19.999	184.652
datum164	2.494	4.267	11.913	68.150
datum165	7.154	12.029	13.739	94.364
datum166	15.762	0.620	13.346	210.341
datum167	15.369	14.430	18.486	62.822
datum168	14.647	15.999	10.609	83.990
datum169	8.292	2.822	13.543	31.112
datum170	15.780	3.370	12.814	24.508
datum171	1.253	1.553	17.714	456.275
datum172	3.966	6.941	12.816	132.977
datum173	4.728	15.283	15.818	32.219
datum174	5.377	0.191	18.241	173.954
datum175	18.937	0.362	15.643	25.510
datum176	7.791	14.507	18.982	34.937
datum177	11.628	11.178	11.687	21.433
datum178	1.731	10.803	13.040	45.949
datum179	15.047	16.023	13.413	31.917
datum180	6.524	10.962	11.992	82.095
datum181	15.179	13.065	17.400	946.604
datum182	16.508	10.269	11.840	534.761
datum183	4.289	8.311	17.780	29.749
datum184	5.214	6.593	17.365	47.213
datum185	7.411	0.854	17.949	33.518
datum186	5.562	13.607	12.418	43.501
datum187	1.337	16.754	11.736	22.191
datum188	15.606	0.775	10.924	27.043
datum189	4.318	14.170	10.551	10119.534
datum190	6.235	12.544	13.716	39.962
datum191	17.854	4.562	10.527	84.455
datum192	3.921	15.842	14.460	339.198
datum193	10.524	13.281	15.963	24.135
datum194	6.858	12.908	14.687	44.722
datum195	8.214	11.220	12.897	45.250
datum196	14.590	4.911	19.427	24.628
datum197	0.653	0.109	10.668	20.507
datum198	4.684	3.749	13.974	3392.263
datum199	2.082	3.158	19.158	144.359
datum200	3.627	4.572	18.221	39.106
datum201	1.048	15.977	17.443	2751.809
datum202	4.533	0.082	15.094	82.223
datum203	15.274	6.185	11.495	26.245
datum204	8.225	5.419	10.736	20.748
datum205	2.472	6.396	13.765	94.048
datum206	0.668	14.792	12.930	32.474
datum207	6.429	1.892	18.151	26.782
datum208	15.889	16.213	19.864	25.179
datum209	3.371	8.251	18.561	42.593
datum210	14.956	13.213	11.868	1331.728
datum211	6.661	15.898	15.595	29.160
datum212	14.041	13.957	14.114	59.354
datum213	0.898	13.557	12.659	49.168
datum214	12.362	13.405	11.908	77.152
datum215	18.585	11.401	10.990	68.256
datum216	8.279	4.879	16.241	89.988
datum217	13.562	0.805	11.005	21.639
datum218	7.495	2.457	16.961	21.062
datum219	18.208	2.061	13.850	27.503
datum220	13.861	14.891	17.734	22.891
datum221	17.883	4.887	13.349	37.694
datum222	12.178	6.416	10.888	21.266
datum223	15.439	8.705	17.515	37.381
datum224	5.931	14.324	10.495	35.299
datum225	14.367	12.241	14.464	22.201
datum226	15.733	7.002	17.890	25.742
datum227	7.992	14.482	12.654	28.984
datum228	11.567	16.633	18.688	111.974
datum229	16.395	2.644	13.891	27.720
datum230	18.666	16.419	18.249	136.659
datum231	5.109	2.803	13.162	27.582
datum232	17.397	10.313	18.193	32.462
datum233	18.788	0.988	16.501	28.267
datum234	14.266	10.459	10.248	39.274
datum235	12.114	8.190	12.094	21.840
datum236	17.603	16.695	18.991	41.692
datum237	14.750	2.229	15.548	127.568
datum238	7.837	9.522	12.132	74.935
datum239	17.190	16.453	17.060	75.874
datum240	8.825	15.797	18.016	20.249
datum241	14.382	2.613	13.395	24.041
datum242	19.495	12.063	12.744	20.815
datum243	16.312	7.997	18.383	22.793
datum244	17.245	11.797	18.617	36.469
datum245	12.370	1.550	16.208	231.913
datum246	12.815	4.617	12.730	21.511
datum247	19.563	14.528	19.686	29.680
datum248	15.833	12.543	10.446	407.896
datum249	11.024	6.489	19.895	547.032
datum250	3.913	5.482	16.076	31.595
datum251	10.695	15.445	12.164	27.194
datum252	11.434	10.886	15.681	26.866
datum253	7.534	0.755	10.088	21.787
datum254	18.541	12.840	14.918	24.422
datum255	4.204	15.112	19.536	31.373
datum256	19.189	5.082	17.299	46.566
datum257	2.181	15.460	12.599	21.679
datum258	4.245	15.873	11.697	47.136
datum259	8.730	9.526	11.342	51.144
datum260	17.956	1.341	11.578	29.225
datum261	9.721	16.454	17.242	46.933
datum262	7.600	14.373	18.649	29.068
datum263	18.663	0.784	11.075	53.287
datum264	11.426	14.972	16.342	154.316
datum265	15.442	10.777	18.823	117.273
datum266	6.329	14.710	13.648	30.146
datum267	3.421	15.513	15.343	47.404
datum268	16.503	15.505	19.590	46050.783
datum269	16.668	12.843	17.605	35.391
datum270	19.858	12.581	11.047	23.501
datum271	2.191	16.518	11.941	21.735
datum272	8.963	5.397	17.477	45.329
datum273	12.665	14.191	13.860	23.182
datum274	10.248	4.271	11.458	28.487
datum275	0.280	14.580	18.146	20.122
datum276	9.032	11.809	15.174	47.990
datum277	11.278	15.665	13.259	145.239
datum278	1.860	6.125	14.785	93.922
datum279	12.978	3.055	12.471	26.562
datum280	14.805	6.893	16.376	75.990
datum281	17.248	14.036	19.433	33.116
datum282	4.508	8.365	15.186	26.816
datum283	16.643	3.006	13.291	53.806
datum284	5.529	12.452	11.762	24.239
datum285	12.588	15.202	13.649	25.266
datum286	16.213	15.520	14.661	135.598
datum287	10.171	9.541	16.415	44.491
datum288	19.712	14.154	11.191	262.259
datum289	16.857	15.284	18.578	2023.706
datum290	6.790	14.936	15.466	25.620
datum291	6.735	13.374	13.240	101.550
datum292	16.465	9.447	12.165	48.311
datum293	16.025	0.636	19.976	44.075
datum294	9.183	2.275	16.337	26.718
datum295	16.523	4.824	16.067	68.321
datum296	13.728	14.977	12.319	131.754
datum297	7.572	12.923	13.150	25.043
datum298	13.511	15.502	14.072	20.999
datum299	18.232	9.277	14.622	2299.703
datum300	9.122	15.130	15.166	126.298
datum301	9.207	2.947	18.965	25.653
datum302	15.941	6.413	17.207	61.482
datum303	13.859	15.255	18.892	72.445
datum304	16.079	16.810	18.997	186.526
datum305	19.347	13.001	11.160	23.299
datum306	16.929	7.474	13.524	57.959
datum307	10.466	13.977	16.183	26.961
datum308	8.351	4.183	11.988	44.009
datum309	7.316	12.740	11.700	34.474
datum310	18.462	4.576	16.823	146.934
datum311	16.744	9.816	14.015	58.016
datum312	14.184	13.065	19.130	37.236
datum313	17.209	12.630	12.849	28.013
datum314	19.635	5.945	15.863	106.972
datum315	19.745	11.896	19.622	106.632
datum316	4.867	0.898	13.406	46.143
datum317	14.579	6.439	16.174	92.064
datum318	0.121	8.666	17.634	172.250
datum319	2.123	7.865	12.801	46.124
datum320	0.939	0.041	15.535	131.127
datum321	9.799	3.669	15.629	42.732
datum322	7.072	16.469	16.296	246.026
datum323	6.519	6.570	18.839	100.892
datum324	2.847	10.540	16.669	21.091
datum325	11.029	2.618	17.433	24.164
datum326	11.196	0.170	16.744	57.719
datum327	18.704	8.946	17.304	22.525
datum328	4.620	6.170	14.348	327.578
datum329	19.090	6.110	17.902	37.646
datum330	4.299	1.378	16.623	29.714
datum331	2.421	3.276	14.466	35.875
datum332	9.205	14.429	15.654	62.904
datum333	18.438	14.957	11.217	82.748
datum334	11.019	11.697	10.165	199.381
datum335	2.938	5.313	10.959	38.248
datum336	18.047	3.397	13.843	131.730
datum337	2.966	8.825	16.022	53.959
datum338	12.678	15.216	10.758	23.801
datum339	15.589	5.677	15.133	59.246
datum340	13.924	7.329	12.967	28.266
datum341	19.317	16.312	11.560	24.369
datum342	4.412	11.958	13.311	25.496
datum343	1.832	15.214	13.483	25.070
datum344	6.092	15.392	11.315	2710.869
datum345	4.836	2.948	18.913	31.312
datum346	4.179	14.816	17.487	73.725
datum347	4.481	12.560	14.954	31.982
datum348	15.691	4.739	11.338	29.913
datum349	1.311	3.337	11.803	20.903
datum350	0.581	12.907	11.841	380.809
datum351	0.361	1.897	15.729	21.225
datum352	7.393	10.002	12.821	35.910
datum353	8.418	4.366	19.348	20.289
datum354	16.357	5.151	10.107	444.207
datum355	11.371	10.753	12.220	31.147
datum356	3.289	3.057	11.104	35.590
datum357	16.984	5.858	10.380	23.523
datum358	15.323	0.158	14.974	60.464
datum359	18.571	5.729	13.868	21.089
datum360	8.622	7.054	15.033	26.057
datum361	15.024	9.297	14.072	23.112
datum362	9.024	15.916	13.943	69.886
datum363	1.530	9.772	19.428	33.961
datum364	16.380	13.402	14.295	39.060
datum365	2.110	16.788	14.176	32.664
datum366	7.513	11.801	10.831	21.019
datum367	9.040	6.906	15.050	29.904
datum368	4.661	9.129	15.736	36.385
datum369	6.956	2.864	13.388	26.602
datum370	14.686	3.654	10.201	24.951
datum371	19.263	7.850	17.355	35.677
datum372	5.631	13.816	17.846	42.221
datum373	4.869	2.656	15.409	26.007
datum374	16.269	16.563	13.264	27.773
datum375	14.746	1.895	12.392	73.553
datum376	10.746	16.701	13.301	33.884
datum377	10.270	7.191	17.112	39.462
datum378	14.076	13.555	17.073	45.730
datum379	15.609	5.958	14.960	70.560
datum380	10.186	2.990	10.673	20.153
datum381	0.567	9.644	14.002	3043.929
datum382	15.143	1.412	14.010	56.794
datum383	12.335	4.224	19.655	42.039
datum384	17.313	9.672	18.586	32.331
datum385	17.075	10.687	16.703	27.775
datum386	10.967	15.828	16.120	44.017
datum387	19.248	6.344	17.777	29.607
datum388	16.747	5.856	12.972	74.034
datum389	15.867	5.233	12.736	79.205
datum390	2.396	7.602	16.597	58.001
datum391	19.349	4.229	15.889	51.644
datum392	12.419	15.921	16.983	22.420
datum393	9.834	13.140	10.427	24.884
datum394	13.943	16.566	10.925	45.771
datum395	18.323	7.629	15.460	39.691
datum396	12.356	8.538	13.848	492.412
datum397	15.459	6.531	15.977	29.066
datum398	10.045	16.656	18.037	22.047
datum399	7.616	12.339	10.304	28.421
datum400	8.309	3.720	13.010	39.958
datum401	6.821	11.677	15.584	42.949
datum402	8.560	11.283	18.286	116.373
datum403	5.893	12.552	13.477	31.093
datum404	8.971	0.417	14.562	39.390
datum405	3.299	6.070	10.366	22.365
datum406	13.362	13.188	16.762	27.337
datum407	16.041	1.584	19.813	27.686
datum408	11.660	11.982	13.129	21.652
datum409	12.955	15.389	17.061	194.685
datum410	17.238	8.418	12.291	42.685
datum411	8.917	1.575	17.105	475.419
datum412	14.683	9.652	13.312	22.597
datum413	6.002	3.067	19.951	29.765
datum414	1.615	7.870	11.564	39.566
datum415	12.001	8.232	15.562	49.609
datum416	1.467	10.944	11.869	21.801
datum417	17.511	1.568	19.124	34.738
datum418	14.030	8.966	16.987	24.568
datum419	3.685	14.114	13.522	99.330
datum420	17.528	13.247	15.142	60.331
datum421	0.758	7.104	10.549	34.362
datum422	15.672	10.877	16.481	22.819
datum423	4.874	14.275	15.986	20.315
datum424	14.585	11.583	12.548	693.665
datum425	11.026	6.437	17.531	21.507
datum426	17.560	8.725	14.490	82.807
datum427	16.294	8.130	15.232	47.337
datum428	19.031	11.633	10.994	80.259
datum429	9.003	16.559	14.064	78.479
datum430	1.303	10.358	17.251	21.808
datum431	6.433	16.340	16.187	59.227
datum432	10.896	13.595	15.879	27.006
datum433	5.334	2.173	18.664	24.692
datum434	8.413	16.781	15.079	39.982
datum435	14.681	14.018	11.094	60.992
datum436	7.840	4.445	16.278	23.206
datum437	1.221	6.900	15.021	23.427
datum438	6.984	6.182	10.596	30.183
datum439	12.620	16.543	18.841	33.573
datum440	16.877	16.211	16.151	24.202
datum441	8.919	9.833	11.241	28.618
datum442	17.837	14.625	13.464	27.161
datum443	4.666	12.992	11.963	37.130
datum444	4.073	4.029	17.608	60.294
datum445	2.720	9.632	14.173	29.920
datum446	3.555	4.034	13.957	25.946
datum447	18.688	9.124	10.830	20.091
datum448	13.984	14.465	16.509	44.572
datum449	17.890	10.384	19.702	26.130
datum450	9.938	1.625	11.810	24.134
datum451	16.593	16.595	15.864	128.227
datum452	9.777	8.129	11.478	22.221
datum453	0.201	5.674	13.956	958.017
datum454	6.647	3.016	18.976	587.364
datum455	14.836	10.359	10.036	313.190
datum456	17.818	14.494	15.668	692.527
datum457	4.011	8.894	16.277	34.700
datum458	4.034	10.813	18.732	40.782
datum459	8.303	7.751	17.574	56.408
datum460	6.765	11.775	18.698	78.816
datum461	16.752	2.872	12.088	24.938
datum462	4.560	11.262	16.298	34.323
datum463	15.975	16.055	19.454	33.216
datum464	13.547	4.989	16.732	58.236
datum465	18.710	8.702	17.548	20.152
datum466	4.307	5.373	13.956	63.933
datum467	17.380	14.071	18.045	75.725
datum468	7.504	2.841	17.626	50.245
datum469	4.605	12.747	19.093	68.915
datum470	6.726	16.462	17.033	22.940
datum471	0.391	14.408	18.146	81.522
datum472	0.107	1.065	17.032	69.901
datum473	14.498	15.803	16.532	87.864
datum474	0.484	0.732	10.238	22.481
datum475	5.874	3.950	17.361	64.087
datum476	13.465	16.252	14.063	85.335
datum477	12.604	6.270	10.425	62.036
datum478	19.520	5.076	11.693	50.364
datum479	0.381	6.251	12.822	32.787
datum480	16.441	2.098	12.783	850.642
datum481	1.424	2.110	13.248	48.412
datum482	3.997	1.771	13.073	20.490
datum483	3.581	16.487	14.268	104.084
datum484	9.468	14.651	11.182	23.061
datum485	2.566	15.293	19.270	36.535
datum486	11.240	13.718	10.504	47.497
datum487	19.041	4.145	13.514	32.991
datum488	3.247	12.889	13.257	53.941
datum489	16.612	11.680	15.779	20.334
datum490	7.952	5.648	12.075	90505.479
datum491	18.401	2.208	10.160	34.350
datum492	14.932	1.628	14.205	30.024
datum493	13.529	14.183	16.776	27.952
datum494	13.051	9.745	16.774	218.645
datum495	6.366	7.176	13.164	35.305
datum496	6.274	6.977	13.842	25.043
datum497	3.539	2.876	18.896	127.166
datum498	16.932	2.844	16.042	27.929
datum499	13.642	0.530	14.062	54.745
datum500	10.049	10.068	10.962	37.698
datum501	19.980	6.455	15.842	53.975
datum502	16.595	2.970	17.901	40.507
datum503	19.702	0.339	13.049	22.628
datum504	13.336	10.149	16.386	155.696
datum505	14.357	12.581	10.939	8460.281
datum506	15.313	10.000	12.943	32.901
datum507	5.477	14.405	18.122	1401.945
datum508	14.455	8.345	16.833	20.527
datum509	15.769	15.730	12.713	20.394
datum510	6.474	14.749	13.523	50.778
datum511	6.258	4.331	12.187	31.846
datum512	1.534	3.951	12.660	69.278
datum513	9.640	1.983	18.485	67.478
datum514	3.067	11.539	13.781	22.835
datum515	9.950	6.160	18.301	21.337
datum516	13.694	8.355	11.993	36.637
datum517	14.396	3.610	11.071	20.324
datum518	9.615	15.970	13.417	39.952
datum519	1.462	5.473	17.051	45.204
datum520	15.975	8.177	16.820	50.974
datum521	17.762	8.442	17.510	23.597
datum522	3.540	11.955	10.117	63.247
datum523	12.187	12.133	14.827	20.471
datum524	8.759	2.910	15.475	1811.382
datum525	10.959	1.879	12.104	21.399
datum526	10.979	0.458	17.755	414.776
datum527	19.305	15.217	15.919	33.699
datum528	12.070	14.026	15.978	66.056
datum529	1.642	16.754	10.489	37.322
datum530	17.904	6.274	12.620	36.449
datum531	12.249	13.129	10.110	78.855
datum532	15.524	1.008	12.672	79.471
datum533	8.258	11.447	11.946	48.385
datum534	14.505	5.741	15.911	22.338
datum535	12.648	12.030	10.307	48.024
datum536	19.792	1.107	10.196	22.604
datum537	0.209	9.583	15.958	20.041
datum538	12.509	11.445	10.047	20.185
datum539	5.183	15.843	12.057	37.213
datum540	2.108	10.212	12.137	28.031
datum541	7.522	9.562	17.959	21.366
datum542	10.490	0.748	14.744	39.911
datum543	19.639	7.664	18.137	26.277
datum544	5.657	8.833	11.886	142.194
datum545	5.206	15.977	11.775	57.253
datum546	1.857	8.813	15.091	31.485
datum547	11.444	12.439	12.052	23.842
datum548	3.831	5.716	13.953	83.610
datum549	16.422	0.067	10.023	267.819
datum550	2.912	6.626	19.595	30.742
datum551	5.755	0.771	14.541	42.055
datum552	4.641	4.792	14.134	55.357
datum553	18.357	13.487	18.867	53.339
datum554	16.593	16.227	10.852	50.277
datum555	18.005	12.674	13.126	50.622
datum556	18.184	8.832	12.733	40.322
datum557	16.835	14.404	14.921	90.149
datum558	18.400	5.638	18.529	27.704
datum559	0.215	14.097	10.254	29.098
datum560	13.305	14.187	14.812	126.203
datum561	6.547	8.880	18.398	109.296
datum562	2.171	12.294	16.656	149.026
datum563	2.752	13.226	15.618	40.171
datum564	17.653	4.889	16.619	36.858
datum565	4.323	14.820	18.757	277.143
datum566	14.544	16.134	16.500	189.914
datum567	12.507	4.269	15.263	27.039
datum568	16.700	13.363	11.852	90.713
datum569	3.369	12.907	11.064	125.392
datum570	8.968	6.324	11.171	151.936
datum571	9.437	4.624	14.792	36.653
datum572	15.911	2.898	14.414	102.751
datum573	1.531	2.240	13.404	21.428
datum574	10.822	7.366	15.164	144.191
datum575	8.055	0.706	19.539	22.097
datum576	13.533	11.069	18.196	25.620
datum577	4.727	12.826	15.010	57.477
datum578	14.872	16.157	13.599	22.421
datum579	7.282	11.228	15.177	128.840
datum580	5.721	2.509	16.592	36.088
datum581	13.785	12.022	10.782	191.749
datum582	5.372	15.052	14.308	27.117
datum583	14.624	2.085	13.505	26.407
datum584	6.798	8.699	10.356	29.270
datum585	15.411	16.757	12.872	142.563
datum586	11.078	8.724	11.316	4793.471
datum587	15.678	6.330	18.217	34.073
datum588	7.988	0.671	15.804	24.703
datum589	19.014	13.888	16.672	31.492
datum590	4.625	10.194	12.191	41.165
datum591	6.900	1.903	10.614	136.837
datum592	3.353	1.888	10.762	70.310
datum593	1.283	8.718	18.525	41.958
datum594	17.856	11.585	11.100	56.454
datum595	10.683	9.170	15.105	1820.485
datum596	0.112	9.668	14.366	33.122
datum597	3.330	13.945	15.920	39.928
datum598	14.902	12.233	16.520	64.862
datum599	18.743	0.527	18.109	31.600
datum600	7.481	15.391	10.615	33.087
datum601	16.355	14.814	17.511	141.540
datum602	5.094	13.198	13.876	143.949
datum603	9.629	9.661	11.725	148.729
datum604	5.203	2.232	13.586	30.443
datum605	15.892	1.082	16.128	128.026
datum606	7.554	2.285	19.508	70.735
datum607	9.407	2.277	19.719	23.538
datum608	13.515	12.463	12.798	204.083
datum609	16.807	3.158	10.062	94.607
datum610	19.656	16.522	13.423	84.337
datum611	15.586	15.464	19.323	28.628
datum612	6.369	16.073	12.038	2655.683
datum613	8.929	9.189	11.215	34.125
datum614	17.807	13.127	10.323	22.000
datum615	7.660	12.824	11.296	382.086
datum616	1.456	3.396	16.821	27.752
datum617	11.933	4.359	14.606	42.067
datum618	0.906	14.261	16.221	268.072
datum619	0.924	14.079	19.943	22.978
datum620	3.537	3.461	15.869	74.506
datum621	13.408	8.192	19.497	38.760
datum622	0.767	14.231	17.119	54.362
datum623	2.003	10.759	17.728	128.148
datum624	9.726	12.821	11.379	253.073
datum625	8.904	5.088	12.791	521.557
datum626	4.341	15.656	13.517	46.580
datum627	0.277	0.217	10.232	60.660
datum628	12.709	14.062	12.747	26.603
datum629	11.930	15.591	17.184	88.992
datum630	15.159	10.928	12.130	36.890
datum631	11.358	15.903	12.923	23.185
datum632	12.254	12.159	11.392	140.028
datum633	4.441	1.286	18.046	112.376
datum634	1.146	14.675	14.516	102.852
datum635	9.703	5.547	18.905	162.697
datum636	3.956	8.656	14.954	105.146
datum637	17.446	3.329	16.818	22.737
datum638	19.899	10.522	12.129	562.351
datum639	8.150	2.564	14.475	33.829
datum640	1.904	2.189	12.381	43.645
datum641	16.536	14.012	15.220	36.053
datum642	3.061	15.074	17.325	377.890
datum643	12.864	11.603	11.644	519.107
datum644	4.639	13.698	14.943	128.726
datum645	5.409	2.428	10.627	58.800
datum646	9.001	12.588	11.772	42.799
datum647	18.046	5.925	10.431	83.279
datum648	11.250	2.827	10.962	53.879
datum649	6.241	9.230	18.384	52.965
datum650	6.334	14.900	15.232	39.802
datum651	14.901	9.018	16.218	27.123
datum652	16.950	3.015	19.315	68.038
datum653	4.566	15.129	11.004	51.983
datum654	5.454	9.002	14.275	71.330
datum655	2.197	14.806	11.876	38.090
datum656	13.583	9.755	10.952	21.970
datum657	14.254	5.451	10.852	79.362
datum658	10.104	3.415	13.679	97.779
datum659	7.027	12.694	14.745	38.779
datum660	16.856	16.548	11.858	27.685
datum661	7.273	0.023	11.743	29.935
datum662	18.271	0.701	14.688	195.455
datum663	5.998	8.189	15.534	20.386
datum664	4.936	9.128	11.688	61.357
datum665	17.819	8.236	11.665	500.363
datum666	12.762	9.682	10.804	77.928
datum667	17.387	4.394	19.872	27.265
datum668	10.890	13.364	11.441	99.338
datum669	1.427	14.971	17.549	28.209
datum670	7.908	1.560	16.550	34.414
datum671	16.906	16.806	13.363	50.690
datum672	11.734	0.126	11.080	75.146
datum673	6.860	9.006	15.059	51.367
datum674	14.193	10.511	19.645	1363.823
datum675	7.941	4.828	10.372	30.637
datum676	0.121	7.625	15.936	1252.272
datum677	10.536	15.787	12.771	67.348
datum678	0.134	15.062	11.290	129.668
datum679	1.772	12.388	19.804	38.389
datum680	17.089	15.972	19.843	22.133
datum681	7.441	15.029	13.477	42.358
datum682	8.095	1.375	12.107	35.462
datum683	16.797	3.282	10.284	51.411
datum684	4.129	14.486	15.663	20.744
datum685	9.887	2.621	15.115	40.820
datum686	8.004	0.995	19.354	32.282
datum687	7.594	14.675	12.291	38.752
datum688	12.473	10.342	11.477	50.705
datum689	9.752	10.663	12.061	105.472
datum690	4.720	11.448	15.704	182.869
datum691	6.333	10.592	17.771	143.877
datum692	4.037	13.954	19.850	87.369
datum693	16.353	12.444	18.335	142.898
datum694	14.948	5.691	10.085	30.835
datum695	16.051	14.371	12.653	22.001
datum696	5.188	9.450	10.699	26.474
datum697	12.602	9.582	12.722	20.091
datum698	18.157	15.097	10.123	31.701
datum699	2.672	12.763	18.832	1155.636
datum700	6.013	8.644	18.416	39.138
datum701	4.318	7.385	19.250	112.534
datum702	16.587	9.273	18.067	29.964
datum703	2.056	5.535	11.998	101.951
datum704	3.877	14.130	13.390	60.522
datum705	19.478	12.546	10.932	118.442
datum706	7.325	15.540	14.270	40.442
datum707	3.678	2.646	14.057	77.067
datum708	8.300	7.855	11.138	42.236
datum709	6.257	9.302	15.812	34.235
datum710	15.316	14.874	17.137	22.262
datum711	16.613	8.844	14.556	21.838
datum712	2.079	8.490	15.826	37.384
datum713	11.588	14.877	12.192	22.476
datum714	8.824	11.861	14.277	64.735
datum715	2.329	8.767	13.891	69.156
datum716	14.543	5.688	11.140	21.458
datum717	10.889	16.214	16.493	212.558
datum718	18.480	9.113	19.136	68.170
datum719	14.716	15.383	12.507	28.733
datum720	13.643	15.591	10.049	124.359
datum721	16.238	6.151	19.751	67.946
datum722	7.885	7.202	14.760	34.643
datum723	0.576	1.338	14.089	43.601
datum724	2.152	16.424	11.819	3149.971
datum725	9.779	15.870	19.393	21.613
datum726	10.199	3.626	14.847	42.308
datum727	5.663	9.251	18.161	44.008
datum728	10.699	0.521	15.107	24.582
datum729	10.232	12.159	12.794	25.219
datum730	19.626	16.144	14.462	46.651
datum731	6.580	3.178	16.600	147.129
datum732	15.601	5.836	10.249	29297.384
datum733	9.374	2.782	14.371	20.440
datum734	11.902	12.757	11.010	48.106
datum735	7.707	14.132	10.035	74.007
datum736	5.296	14.382	11.353	82.383
datum737	13.063	13.340	11.366	41.074
datum738	6.896	14.586	16.257	78.581
datum739	5.189	13.653	16.777	56.093
datum740	3.819	16.571	13.431	206.725
datum741	19.821	14.233	16.720	29.114
datum742	17.084	8.271	12.234	24.922
datum743	1.241	14.636	12.851	216.475
datum744	3.916	15.689	15.601	214.378
datum745	4.608	3.997	15.263	20.258
datum746	17.158	6.183	15.828	79.709
datum747	17.692	5.394	13.833	394.613
datum748	11.770	15.696	11.213	175.807
datum749	8.011	10.367	14.292	24.364
datum750	14.562	12.835	13.499	39.140
datum751	20.000	13.119	16.843	41.777
datum752	10.274	15.223	10.240	20.270
datum753	9.025	15.856	17.288	55.280
datum754	2.561	5.474	10.658	511.547
datum755	14.345	4.738	12.496	24.553
datum756	18.586	15.965	16.589	88.436
datum757	12.025	14.515	12.331	45.884
datum758	7.371	15.118	16.476	28.351
datum759	12.923	12.579	15.503	65.406
datum760	10.952	13.277	10.039	57.285
datum761	17.871	6.291	17.421	63.418
datum762	10.747	11.293	12.120	27.042
datum763	14.793	11.372	10.570	30.984
datum764	11.700	7.852	14.260	28.052
datum765	6.501	12.952	16.803	38.599
datum766	14.741	7.350	16.757	78.757
datum767	15.070	13.174	15.882	73.784
datum768	11.746	9.737	12.261	24.355
datum769	4.970	15.564	15.588	35.077
datum770	11.926	3.023	10.011	23.880
datum771	4.608	15.580	12.818	27.178
datum772	18.740	9.418	12.982	96.830
datum773	2.747	6.455	10.438	39.803
datum774	15.270	7.756	12.479	40.549
datum775	4.910	13.508	13.302	221.287
datum776	0.793	0.716	11.020	181.090
datum777	5.922	4.968	17.802	26.699
datum778	6.783	4.500	16.976	78.459
datum779	12.256	1.188	12.347	133.191
datum780	13.820	0.215	18.909	31.014
datum781	4.284	3.172	14.480	26.722
datum782	2.442	12.721	18.650	36.401
datum783	3.678	2.214	17.194	22.353
datum784	1.100	7.071	17.644	75.730
datum785	4.138	9.736	11.202	20.965
datum786	7.551	1.758	12.131	91.595
datum787	15.030	15.538	12.325	76.348
datum788	0.735	0.205	13.855	158.341
datum789	7.717	11.015	12.579	25.638
datum790	14.993	12.403	10.338	24.581
datum791	10.601	1.221	11.999	39.409
datum792	15.315	1.407	16.023	28.475
datum793	11.318	13.255	11.997	113.158
datum794	2.964	11.267	10.610	52.910
datum795	0.059	2.221	12.171	33.979
datum796	12.517	2.026	11.477	31.895
datum797	16.808	16.685	11.017	21.541
datum798	3.669	8.031	13.904	36.294
datum799	7.105	16.420	11.188	317.006
datum800	13.470	13.232	14.312	27.578
datum801	10.143	7.147	10.249	44.213
datum802	10.805	13.431	15.541	59.495
datum803	4.540	11.849	13.302	99.899
datum804	18.988	5.420	18.587	85.834
datum805	0.416	3.011	17.229	440.507
datum806	6.754	3.286	14.601	20.356
datum807	3.620	14.975	14.468	114.812
datum808	10.103	12.898	12.921	59.579
datum809	1.118	13.463	10.899	28.376
datum810	10.434	10.637	10.467	36.580
datum811	9.193	10.170	15.805	36.432
datum812	18.528	10.641	18.551	25.561
datum813	13.028	13.257	10.179	106.793
datum814	19.071	10.263	10.945	65.107
datum815	8.209	16.701	16.978	301.688
datum816	13.254	16.737	12.194	35.794
datum817	1.639	14.592	14.951	595.558
datum818	9.285	14.231	18.026	22.473
datum819	12.736	1.763	17.659	180.013
datum820	12.127	7.127	17.325	22.700
datum821	12.668	16.000	10.192	28.567
datum822	16.131	16.124	11.116	29.688
datum823	13.428	11.138	10.737	21.662
datum824	17.216	7.417	12.376	25.375
datum825	4.492	16.066	11.488	54.762
datum826	15.409	12.685	11.633	33.325
datum827	18.384	9.334	14.254	38.266
datum828	11.964	10.798	12.522	63.738
datum829	13.673	15.869	11.244	502.023
datum830	4.062	0.907	18.377	135.025
datum831	5.982	9.624	16.490	39.278
datum832	16.149	7.222	10.319	230.794
datum833	19.113	11.915	10.621	158.745
datum834	12.872	5.569	14.212	112.801
datum835	13.353	4.486	12.115	38.298
datum836	12.717	15.267	11.974	47.208
datum837	2.019	12.148	11.230	28.152
datum838	4.284	16.434	12.972	35.644
datum839	1.657	0.302	19.570	27.038
datum840	9.390	10.662	18.762	40.097
datum841	11.777	16.071	11.054	32.501
datum842	13.942	11.090	19.337	33.160
datum843	12.968	10.265	13.625	21.449
datum844	11.743	4.767	10.458	48.255
datum845	17.740	16.611	11.167	338.497
datum846	9.381	12.731	10.861	24.247
datum847	7.637	14.139	15.470	216.135
datum848	3.120	0.924	11.378	22.289
datum849	15.613	14.272	10.811	85.747
datum850	8.927	7.120	15.478	416.860
datum851	2.453	4.010	13.204	27.919
datum852	4.505	6.471	11.166	25.586
datum853	11.728	13.840	10.046	25.449
datum854	5.162	7.321	15.996	44.375
datum855	15.421	12.699	17.346	38.603
datum856	5.335	9.605	12.516	42.545
datum857	9.499	8.367	14.422	22.324
datum858	13.573	12.477	19.883	46.720
datum859	3.079	4.540	13.663	38.089
datum860	4.192	5.682	18.744	82.632
datum861	0.195	15.327	15.886	26.696
datum862	10.263	11.780	17.881	61.741
datum863	17.262	0.988	19.942	101.330
datum864	14.669	6.991	15.902	28.050
datum865	12.977	14.766	19.192	75.909
datum866	9.979	12.409	10.791	535.510
datum867	6.480	0.065	11.553	29.927
datum868	9.936	5.061	13.055	41.545
datum869	7.626	15.770	15.914	26.245
datum870	16.803	7.804	16.858	22.765
datum871	11.218	10.771	13.008	88.558
datum872	5.240	11.112	10.270	26.435
datum873	1.984	2.964	18.371	47.894
datum874	13.609	12.551	17.663	288.947
datum875	10.413	1.122	16.597	28.037
datum876	10.020	16.740	15.191	406.535
datum877	4.825	5.844	15.574	22.613
datum878	16.992	14.392	19.895	31.653
datum879	18.372	15.650	10.177	25.171
datum880	15.240	10.838	15.896	30.486
datum881	13.101	16.240	16.321	22.447
datum882	0.233	1.377	12.229	86.067
datum883	10.696	16.753	17.073	22.375
datum884	8.875	14.581	16.231	96.673
datum885	13.276	13.325	16.424	37.450
datum886	10.199	13.460	15.177	132.050
datum887	16.564	6.570	13.314	114.225
datum888	7.936	1.512	10.423	32.152
datum889	4.387	5.108	18.251	54.470
datum890	2.099	15.172	18.588	21.158
datum891	8.663	11.946	17.533	519.158
datum892	7.636	5.777	10.108	23.885
datum893	19.138	10.070	11.488	867.229
datum894	3.536	9.823	12.749	168.984
datum895	13.986	8.895	14.053	43.944
datum896	5.914	8.559	11.316	22.871
datum897	10.541	6.838	12.978	25.072
datum898	14.444	15.684	11.732	784.586
datum899	15.212	1.748	16.476	37.724
datum900	9.815	13.500	12.678	34.750
datum901	5.799	0.931	16.638	192.287
datum902	7.108	3.707	10.852	24.345
datum903	5.332	12.278	13.618	21.589
datum904	19.919	6.173	15.146	21.366
datum905	15.280	6.469	11.383	20.124
datum906	9.766	1.475	11.913	21.632
datum907	11.333	14.557	11.259	66.339
datum908	6.937	7.877	17.259	29.085
datum909	0.681	10.106	19.824	67.700
datum910	18.694	11.708	12.556	28.430
datum911	16.333	8.808	10.318	165.394
datum912	12.535	3.764	14.453	47.412
datum913	12.127	7.364	18.829	64.533
datum914	10.406	0.098	14.694	40.251
datum915	11.348	11.165	14.861	39.505
datum916	13.096	6.990	14.097	28.916
datum917	2.713	7.824	10.786	63.750
datum918	18.507	13.080	17.392	22.184
datum919	10.157	16.476	16.727	21.700
datum920	4.537	12.889	18.480	103.556
datum921	17.017	1.678	17.325	20.293
datum922	6.964	10.515	10.047	54.977
datum923	16.478	12.474	13.393	62.261
datum924	16.814	16.581	19.741	116.887
datum925	14.120	14.051	13.232	27.942
datum926	8.471	9.993	10.672	136.903
datum927	0.578	8.537	14.009	85.002
datum928	19.178	5.788	16.078	119.516
datum929	19.056	9.104	12.013	147.723
datum930	13.266	16.615	14.241	69.235
datum931	0.905	9.430	14.523	32.993
datum932	4.303	3.498	13.553	278.954
datum933	4.506	1.559	16.930	50.246
datum934	15.839	11.557	16.696	68278.517
datum935	9.520	12.078	10.597	24.913
datum936	6.169	1.881	19.292	443.616
datum937	14.443	9.332	11.105	51.007
datum938	0.796	16.703	10.249	25.830
datum939	16.829	6.465	12.188	32.343
datum940	1.952	16.698	14.670	30.123
datum941	18.408	14.438	10.521	55.941
datum942	15.401	4.377	13.502	20.855
datum943	10.407	5.523	10.272	21.110
datum944	17.994	10.081	13.184	2963.061
datum945	17.070	3.460	13.817	22.050
datum946	11.557	2.757	12.327	22.313
datum947	6.531	1.094	13.840	27.223
datum948	7.279	3.266	14.435	725.629
datum949	17.474	7.079	14.642	21.547
datum950	8.087	6.569	10.873	86.046
datum951	1.280	12.817	18.729	33.316
datum952	14.903	15.470	12.469	28.837
datum953	0.675	6.473	11.765	312.600
datum954	10.789	8.818	12.011	47.648
datum955	11.815	9.321	11.749	36.706
datum956	7.159	2.933	10.698	41.400
datum957	18.252	14.805	16.831	45.594
datum958	19.010	8.381	11.052	42.597
datum959	14.604	4.261	15.122	61.765
datum960	1.594	9.560	19.546	100.505
datum961	11.584	15.488	15.317	9382.744
datum962	19.831	3.067	13.321	21.175
datum963	15.334	13.162	16.016	28.526
datum964	17.267	7.982	14.584	20.070
datum965	18.964	5.155	12.986	74.229
datum966	13.952	11.411	12.106	72.844
datum967	4.524	8.954	19.172	55.701
datum968	1.569	1.485	18.226	47.574
datum969	16.672	14.631	10.423	30.911
datum970	2.000	1.142	16.245	31.466
datum971	13.065	9.506	18.873	44.594
datum972	6.853	13.457	11.258	22.381
datum973	10.322	3.144	16.870	45.381
datum974	16.174	7.603	19.094	26.102
datum975	14.371	16.737	15.217	21.537
datum976	12.036	14.923	10.261	44.973
datum977	6.224	6.740	18.758	326.548
datum978	11.578	8.929	15.075	100.262
datum979	16.423	12.466	10.244	62.743
datum980	9.100	3.104	10.465	31.620
datum981	18.522	12.444	15.851	37.449
datum982	5.068	7.000	11.224	20.247
datum983	0.208	8.810	11.922	22.825
datum984	18.476	12.321	13.699	24.581
datum985	16.814	3.234	11.536	23.502
datum986	18.970	6.609	10.702	70.042
datum987	9.716	5.317	11.235	48.755
datum988	6.674	1.387	11.606	22.307
datum989	18.959	13.799	12.754	53.799
datum990	0.634	14.747	16.855	196.877
datum991	1.147	8.337	12.158	24.449
datum992	9.932	4.944	12.403	353.781
datum993	5.721	15.986	11.391	34.503
datum994	9.189	16.104	14.887	52.166
datum995	0.458	5.261	15.930	70.139
datum996	13.498	13.695	14.929	94.049
datum997	12.485	14.804	12.255	31.516
datum998	16.448	8.538	10.648	22.865
datum999	8.217	0.972	10.134	51.455
datum1000	8.858	12.517	16.442	453.473
datum1001	13.191	3.676	16.471	30.398
datum1002	8.166	16.139	15.826	30.249
datum1003	6.932	16.785	16.686	90.997
datum1004	4.245	7.466	18.302	74.550
datum1005	6.793	7.611	14.549	20.452
datum1006	7.067	6.468	14.562	23.140
datum1007	11.496	7.694	12.114	35.995
datum1008	10.287	11.055	16.982	1291.817
datum1009	1.634	11.143	12.994	29.960
datum1010	13.136	3.436	15.245	34.274
datum1011	4.713	11.491	11.155	31.352
datum1012	8.224	16.210	16.988	100.655
datum1013	13.609	8.773	11.182	23.694
datum1014	18.968	16.726	10.843	33.761
datum1015	5.286	0.662	18.576	21.050
datum1016	4.339	10.827	11.812	29.240
datum1017	6.021	2.997	11.885	129.748
datum1018	17.815	16.484	14.262	57.437
datum1019	8.509	10.283	18.468	143.070
datum1020	10.068	14.072	18.770	322.277
datum1021	10.558	13.431	15.270	28.461
datum1022	2.160	12.159	11.370	40.247
datum1023	6.307	5.342	11.721	41.069
datum1024	10.359	7.036	14.081	64.279
datum1025	18.771	0.101	12.218	453.329
datum1026	4.045	6.656	19.525	527.137
datum1027	11.722	0.317	18.322	29.930
datum1028	1.651	16.505	17.028	31.155
datum1029	7.714	10.043	19.400	20.074
datum1030	15.429	5.921	15.315	25.035
datum1031	1.957	15.123	15.902	55.761
datum1032	8.550	15.741	12.124	25.688
datum1033	6.719	3.922	19.931	33.249
datum1034	5.770	11.629	11.160	40.580
datum1035	16.856	6.861	14.317	56.662
datum1036	18.663	11.236	19.348	26.304
datum1037	15.079	14.414	18.191	64.948
datum1038	10.574	13.288	12.774	168.166
datum1039	16.189	5.983	15.903	32.016
datum1040	13.183	15.628	19.223	73.888
datum1041	11.414	6.271	10.526	25.886
datum1042	7.627	8.988	13.573	300.021
datum1043	9.724	12.889	14.208	33.529
datum1044	18.886	10.517	10.537	24.823
datum1045	9.769	6.748	16.342	26.242
datum1046	7.613	0.856	19.009	25.392
datum1047	8.446	14.432	13.207	79.241
datum1048	13.936	9.692	13.157	30.743
datum1049	11.787	16.170	17.174	35.258
datum1050	10.029	14.804	15.283	54.161
datum1051	4.251	8.426	10.784	34.025
datum1052	12.617	6.512	19.267	24.406
datum1053	6.152	0.901	18.841	58.766
datum1054	11.043	8.039	19.371	23.018
datum1055	3.214	14.762	10.214	26.430
datum1056	1.792	15.613	16.166	49.756
datum1057	8.049	12.391	10.501	27.205
datum1058	8.763	3.770	10.269	21.934
datum1059	5.107	4.358	15.949	39.001
datum1060	13.174	16.053	14.806	23.289
datum1061	4.244	4.271	15.252	25.117
datum1062	15.837	13.671	15.108	23.426
datum1063	8.459	1.794	14.516	44.881
datum1064	14.048	13.698	14.425	864.970
datum1065	11.242	8.163	13.866	78.611
datum1066	14.298	10.132	10.799	31.581
datum1067	7.128	15.488	12.726	21.434
datum1068	7.058	14.964	10.856	21.094
datum1069	5.203	2.972	11.892	65.936
datum1070	5.202	16.763	15.393	32.751
datum1071	4.723	0.218	14.460	300.829
datum1072	13.019	10.075	17.201	822.966
datum1073	1.629	10.729	10.706	24.619
datum1074	6.889	11.252	16.188	31.354
datum1075	16.341	2.710	10.518	170.303
datum1076	0.872	2.532	12.355	523.887
datum1077	2.884	10.487	12.252	60.657
datum1078	0.306	6.370	16.814	37.482
datum1079	19.251	10.075	15.819	53.013
datum1080	0.438	10.083	12.031	23.573
datum1081	4.956	5.712	18.632	38.158
datum1082	15.140	0.183	19.827	20.853
datum1083	18.883	2.336	10.817	30.651
datum1084	16.888	0.426	16.482	54.383
datum1085	19.945	2.591	13.771	168.567
datum1086	4.271	4.220	17.176	67.760
datum1087	4.846	15.872	14.051	39.955
datum1088	8.017	4.224	11.725	21.930
datum1089	3.432	10.452	16.183	28.672
datum1090	4.708	11.229	16.075	22.137
datum1091	12.613	15.709	14.507	54.779
datum1092	0.371	16.632	12.483	516.997
datum1093	2.972	13.270	18.698	50.266
datum1094	6.436	12.707	10.172	34.657
datum1095	6.212	3.883	19.922	27.460
datum1096	15.910	6.474	12.345	20.941
datum1097	12.594	12.499	14.133	26.537
datum1098	4.134	12.303	10.104	58.221
datum1099	11.095	10.626	18.788	334.134
datum1100	12.130	2.334	13.125	21.906
datum1101	8.022	8.168	11.514	105.886
datum1102	11.290	0.913	12.558	29.582
datum1103	18.665	9.613	18.826	53.866
datum1104	11.677	4.317	10.082	39.818
datum1105	11.920	9.789	13.933	116.895
datum1106	14.034	9.359	11.850	28.155
datum1107	18.068	15.424	18.618	24.027
datum1108	8.687	2.419	12.204	51.251
datum1109	3.273	4.691	10.906	69.625
datum1110	0.086	7.547	15.179	26.156
datum1111	11.485	14.453	13.481	20.751
datum1112	9.284	0.927	16.985	48.167
datum1113	15.080	14.666	19.311	74.085
datum1114	14.098	3.642	12.290	21.352
datum1115	2.817	12.020	16.731	52.425
datum1116	14.088	3.096	12.429	33.631
datum1117	0.116	9.638	16.055	420.814
datum1118	1.121	13.494	17.225	43.481
datum1119	8.370	12.679	11.493	43.447
datum1120	6.454	11.854	18.619	40.015
datum1121	4.891	5.552	18.658	48.346
datum1122	13.895	14.297	19.157	33.960
datum1123	11.910	8.295	11.059	36.833
datum1124	5.471	16.311	10.322	27.324
datum1125	16.592	15.820	14.421	21.646
datum1126	13.601	2.753	18.670	20.134
datum1127	8.558	15.071	16.796	82.830
datum1128	7.190	2.536	17.683	42.159
datum1129	9.252	13.319	17.412	22.041
datum1130	12.202	2.230	14.420	29.540
datum1131	2.165	5.325	11.022	28.489
datum1132	0.624	16.137	14.653	429.314
datum1133	6.780	14.655	13.864	83.271
datum1134	5.101	7.630	10.185	21.229
datum1135	8.477	13.220	19.535	30.594
datum1136	16.829	8.859	11.446	26.425
datum1137	1.182	8.867	10.537	130.361
datum1138	14.527	1.596	13.624	24.802
datum1139	5.924	9.812	15.221	26.656
datum1140	8.606	15.370	13.961	33.282
datum1141	2.729	3.405	10.116	22.743
datum1142	15.138	9.824	14.952	53.172
datum1143	13.015	10.528	16.628	31.412
datum1144	6.363	16.524	16.379	20.406
datum1145	15.241	11.232	12.291	20.918
datum1146	14.125	14.932	11.521	21.081
datum1147	16.877	15.498	17.231	142.086
datum1148	1.834	3.936	11.837	27.104
datum1149	13.456	12.591	14.902	49.234
datum1150	16.215	2.479	16.227	20.718
datum1151	10.470	0.697	12.696	20.875
datum1152	18.231	11.946	18.966	27.066
datum1153	19.083	6.340	15.838	32.078
datum1154	11.459	13.965	11.959	20.689
datum1155	7.392	10.456	12.672	35.314
datum1156	16.260	11.452	14.832	149.450
datum1157	4.478	9.430	11.751	20.784
datum1158	10.958	10.147	15.258	27.647
datum1159	1.692	3.288	16.786	95.131
datum1160	5.283	1.792	11.204	40.778
datum1161	10.950	10.025	15.600	44.025
datum1162	19.514	14.542	15.561	27.243
datum1163	0.798	16.741	11.331	848.987
datum1164	4.952	3.409	16.131	59.259
datum1165	18.383	5.610	10.517	41.713
datum1166	0.853	12.906	12.665	20.469
datum1167	8.661	6.461	19.950	27.198
datum1168	8.007	2.057	19.796	22.523
datum1169	0.649	9.015	17.856	36.882
datum1170	2.741	9.982	15.800	29.636
datum1171	16.830	8.392	19.993	55.108
datum1172	7.821	5.849	19.341	53.244
datum1173	2.422	1.021	10.200	486.027
datum1174	4.562	11.883	10.240	85.320
datum1175	2.073	5.364	18.474	24.710
datum1176	2.378	13.267	18.974	69.737
datum1177	16.657	8.912	10.362	141.308
datum1178	5.065	15.439	16.114	45.829
datum1179	16.688	6.344	15.472	39.496
datum1180	11.132	10.517	10.443	1023.850
datum1181	10.515	14.678	14.954	113.806
datum1182	10.400	4.767	16.056	243.397
datum1183	13.531	12.325	13.149	90.695
datum1184	1.287	1.225	18.369	45.786
datum1185	4.877	13.367	18.171	27.382
datum1186	18.754	10.987	13.177	98.389
datum1187	14.209	1.179	10.444	29.853
datum1188	19.032	10.640	16.758	21.603
datum1189	0.243	13.028	12.168	41.201
datum1190	5.898	5.283	13.697	331.971
datum1191	5.579	2.372	12.976	53.667
datum1192	19.073	11.947	18.278	22.912
datum1193	4.865	15.905	15.167	37.568
datum1194	11.753	13.933	16.792	26.563
datum1195	19.008	7.935	10.149	28.637
datum1196	7.519	11.161	10.064	107.115
datum1197	14.134	8.354	12.622	21.391
datum1198	16.795	0.621	16.472	93.745
datum1199	12.098	15.578	18.050	80.417
datum1200	3.922	16.491	13.550	63.017
datum1201	9.672	16.813	12.109	20.128
datum1202	13.443	1.970	14.741	27.316
datum1203	6.544	16.548	10.708	213.061
datum1204	19.330	14.997	17.298	21.214
datum1205	19.657	15.667	12.046	48.001
datum1206	18.321	12.386	16.455	29.049
datum1207	6.509	11.094	10.690	52.836
datum1208	1.580	14.584	14.692	109.330
datum1209	2.654	4.435	17.164	21.358
datum1210	15.116	5.987	14.013	26.149
datum1211	7.851	10.846	14.703	20.381
datum1212	17.066	16.169	13.787	24.385
datum1213	1.339	5.376	14.800	37.720
datum1214	9.558	9.537	13.432	104.833
datum1215	1.636	12.650	14.121	59.090
datum1216	7.944	2.900	16.375	21.311
datum1217	4.324	13.192	10.447	797.128
datum1218	10.299	9.991	11.397	22.513
datum1219	6.668	16.299	18.442	34.667
datum1220	0.441	9.527	15.802	20.526
datum1221	11.431	9.235	11.932	26.969
datum1222	14.896	4.070	15.492	44.119
datum1223	0.621	10.688	19.789	38.796
datum1224	12.996	12.459	16.507	75.295
datum1225	18.207	11.322	10.609	62.978
datum1226	14.526	14.127	17.702	73.447
datum1227	16.119	2.670	14.074	58.454
datum1228	1.630	1.719	18.408	46.070
datum1229	13.904	16.610	11.939	32.768
datum1230	13.999	12.387	16.338	23.928
datum1231	4.155	7.710	18.432	27.549
datum1232	8.711	7.632	18.643	173.831
datum1233	5.265	16.327	19.102	522.446
datum1234	17.522	7.178	18.344	75.560
datum1235	16.148	2.839	14.368	24.642
datum1236	1.622	4.435	13.256	40.207
datum1237	18.278	6.588	11.960	501.082
datum1238	0.598	8.236	10.722	91.529
datum1239	15.610	5.709	14.491	37.801
datum1240	13.717	10.293	19.383	25.077
datum1241	8.069	4.490	19.325	26.852
datum1242	12.857	10.357	13.401	24.834
datum1243	17.797	4.950	18.302	28.904
datum1244	5.810	4.405	10.595	103.064
datum1245	17.438	5.740	18.367	34.354
datum1246	0.581	4.786	12.696	139.873
datum1247	5.301	7.406	14.629	30.628
datum1248	3.418	7.926	15.931	57.016
datum1249	12.688	2.357	16.417	230.816
datum1250	3.835	11.941	12.727	47.394
datum1251	16.554	7.450	19.551	21.988
datum1252	10.607	4.951	13.735	72.223
datum1253	0.038	15.498	16.116	26.859
datum1254	14.616	14.136	10.079	25.155
datum1255	16.762	10.553	15.901	44.577
datum1256	1.912	12.451	18.599	35.084
datum1257	9.914	12.656	12.972	115.270
datum1258	12.534	11.171	16.416	38.711
datum1259	8.540	16.304	15.995	27.954
datum1260	2.520	13.747	19.229	25.025
datum1261	18.846	15.624	14.925	145.638
datum1262	9.225	8.144	15.967	37.166
datum1263	2.098	5.403	13.386	58.168
datum1264	1.175	16.352	12.765	31.193
datum1265	16.074	11.319	10.526	28.239
datum1266	14.571	3.427	12.254	274.840
datum1267	11.741	4.527	17.894	20.413
datum1268	18.050	7.384	16.549	511.032
datum1269	19.623	11.862	12.650	345.383
datum1270	17.523	15.295	16.577	34.331
datum1271	14.692	12.138	19.674	170.412
datum1272	10.059	14.120	16.062	42.595
datum1273	11.743	15.289	16.962	110.315
datum1274	12.998	6.271	11.397	92.373
datum1275	10.526	0.775	12.550	30.001
datum1276	12.851	2.571	10.899	153.201
datum1277	17.246	12.155	11.496	71.302
datum1278	12.018	11.059	11.682	130.273
datum1279	11.641	13.343	10.759	41.928
datum1280	2.425	13.706	17.561	24.449
datum1281	2.294	15.813	13.308	51.181
datum1282	12.099	12.871	14.459	25.863
datum1283	7.789	13.736	13.178	40.717
datum1284	9.115	4.775	10.360	70.754
datum1285	2.655	14.712	17.208	23.290
datum1286	4.931	5.580	12.596	23.555
datum1287	11.720	2.123	10.220	398.444
datum1288	10.174	11.598	16.382	98.244
datum1289	17.431	14.862	10.594	20.771
datum1290	2.556	6.121	19.601	788.552
datum1291	2.426	16.270	10.537	22.997
datum1292	5.399	8.160	14.693	45.524
datum1293	2.079	5.924	16.043	20.118
datum1294	17.281	8.339	17.892	20.330
datum1295	19.904	14.868	13.877	25.794
datum1296	19.076	13.040	14.530	84.158
datum1297	9.153	0.955	13.775	21.860
datum1298	0.962	8.572	10.592	310.580
datum1299	17.610	5.649	15.346	24.393
datum1300	3.459	4.434	13.301	46.984
datum1301	6.496	16.805	15.478	37.853
datum1302	4.501	4.890	17.431	25.835
datum1303	16.286	10.746	11.756	124.973
datum1304	7.228	14.452	14.313	123.738
datum1305	14.354	16.218	10.680	21.387
datum1306	18.464	6.292	10.753	36.125
datum1307	1.758	11.885	11.278	567.136
datum1308	0.279	9.998	11.464	28.370
datum1309	19.921	4.803	17.077	206.597
datum1310	13.486	9.287	13.360	62.375
datum1311	18.963	7.292	13.310	21.385
datum1312	0.712	0.459	19.354	83.903
datum1313	1.972	11.920	19.921	23.429
datum1314	10.643	5.114	13.725	116.271
datum1315	4.759	4.103	18.436	132.980
datum1316	4.653	0.817	19.864	52.310
datum1317	13.559	15.273	10.054	309.931
datum1318	17.439	3.929	11.450	36.758
datum1319	9.594	8.084	10.810	20.605
datum1320	3.842	3.903	18.278	21.836
datum1321	13.356	5.404	12.013	21.631
datum1322	8.816	9.935	16.260	33.801
datum1323	16.837	2.646	19.600	29.005
datum1324	7.403	8.326	10.733	125.377
datum1325	2.098	2.800	18.238	25.539
datum1326	3.571	8.916	12.763	29.369
datum1327	9.141	3.182	16.582	73.375
datum1328	10.138	14.529	15.924	57.177
datum1329	1.846	11.315	13.273	25.339
datum1330	10.384	2.210	10.614	36.296
datum1331	10.335	15.050	15.897	30.778
datum1332	12.637	13.016	15.131	36.518
datum1333	14.234	15.931	11.279	41.297
datum1334	19.149	9.808	16.222	38.813
datum1335	10.137	4.739	17.188	40.657
datum1336	9.643	6.766	10.102	24.343
datum1337	19.953	5.770	18.158	45.304
datum1338	15.660	4.388	18.244	20.620
datum1339	2.892	2.710	13.403	22.133
datum1340	2.448	13.217	19.909	132.479
datum1341	15.116	2.739	17.024	196.489
datum1342	13.450	8.604	13.627	31.558
datum1343	7.874	10.006	18.009	49.509
datum1344	9.713	16.390	12.055	903.106
datum1345	9.039	11.560	11.004	34.768
datum1346	5.403	13.394	15.926	48.085
datum1347	1.718	13.826	15.201	65.612
datum1348	6.912	6.225	16.712	22.026
datum1349	10.270	14.006	10.007	55.327
datum1350	17.795	2.892	13.483	28.948
datum1351	14.593	11.347	16.352	32.619
datum1352	12.026	2.318	11.082	76.216
datum1353	11.220	2.467	19.817	20.327
datum1354	6.262	5.335	13.970	505.650
datum1355	13.847	11.759	12.922	35.397
datum1356	15.893	0.293	12.750	21.925
datum1357	5.339	14.126	11.196	58.056
datum1358	3.997	5.060	17.248	20.817
datum1359	17.523	5.950	18.102	76.570
datum1360	2.547	3.777	15.477	28.649
datum1361	12.368	8.240	11.713	23.426
datum1362	0.399	8.258	13.686	21.846
datum1363	6.480	3.108	14.050	42.682
datum1364	13.249	16.673	15.426	33.154
datum1365	8.374	4.458	10.884	40.191
datum1366	13.881	9.751	12.323	36.785
datum1367	11.635	11.104	15.872	24.618
datum1368	0.917	15.754	17.401	39.132
datum1369	17.957	10.010	10.944	85.882
datum1370	19.832	15.938	14.533	22.668
datum1371	1.695	16.369	11.633	54.482
datum1372	17.033	10.994	17.522	151.489
datum1373	16.048	9.752	10.763	67.877
datum1374	8.774	10.922	10.844	39.209
datum1375	3.057	13.052	19.799	44.503
datum1376	19.221	13.092	15.875	73.506
datum1377	2.364	0.913	13.818	40.392
datum1378	13.504	4.559	11.663	29.231
datum1379	17.307	4.104	10.505	40.148
datum1380	16.903	14.525	18.214	41.204
datum1381	8.441	12.832	14.550	58.288
datum1382	8.516	15.598	14.732	26.469
datum1383	3.265	0.642	12.634	27.665
datum1384	10.697	3.423	19.071	29.315
datum1385	4.744	11.535	17.717	155.856
datum1386	7.350	16.093	17.300	24.167
datum1387	2.847	4.177	14.622	76.240
datum1388	8.028	8.768	13.094	33.120
datum1389	15.465	0.386	17.083	1152.399
datum1390	5.805	11.468	13.818	44.814
datum1391	1.537	6.496	11.584	121.847
datum1392	3.981	8.097	16.982	25.084
datum1393	13.672	12.175	19.888	21.305
datum1394	8.226	6.607	16.840	22.098
datum1395	11.976	2.699	11.940	28.335
datum1396	8.290	7.919	17.517	29.316
datum1397	11.633	10.110	14.727	51.153
datum1398	16.200	0.206	10.167	196.695
datum1399	1.442	1.824	16.203	153.005
datum1400	7.083	13.897	14.886	32.108
datum1401	18.407	5.115	14.260	104.689
datum1402	18.850	12.731	12.168	114.357
datum1403	16.021	1.410	14.891	22.394
datum1404	10.327	9.995	12.843	22.157
datum1405	14.410	13.951	16.964	62.816
datum1406	12.595	9.176	15.150	25.485
datum1407	0.883	3.095	14.109	458.460
datum1408	8.205	15.811	14.341	24.353
datum1409	9.197	13.307	10.854	34.955
datum1410	5.056	0.792	14.840	65.132
datum1411	12.727	13.085	18.633	30.225
datum1412	18.007	3.029	17.387	20.903
datum1413	19.212	15.293	14.291	42.405
datum1414	16.662	8.035	14.026	52.527
datum1415	13.592	1.015	10.201	27.629
datum1416	9.374	2.584	10.667	677.588
datum1417	9.924	15.162	17.671	26.592
datum1418	12.037	13.302	18.677	115.895
datum1419	8.075	9.220	11.709	26.698
datum1420	16.243	3.172	13.114	40.061
datum1421	16.420	4.192	16.499	42.730
datum1422	0.875	8.787	15.902	375.758
datum1423	16.948	10.140	19.827	103.054
datum1424	17.832	3.777	16.634	35.410
datum1425	1.389	4.977	10.320	96.305
datum1426	9.286	12.801	10.468	34.794
datum1427	6.308	1.164	12.812	27.179
datum1428	18.188	13.706	19.279	23.137
datum1429	19.848	0.960	16.308	31.374
datum1430	18.666	5.029	15.388	83.504
datum1431	19.080	5.481	10.164	35.129
datum1432	16.616	14.553	19.871	201.880
datum1433	1.851	15.176	17.073	22.377
datum1434	2.672	7.436	17.499	31.793
datum1435	17.580	6.701	11.559	47.359
datum1436	16.024	2.204	11.277	22.513
datum1437	2.902	14.695	16.051	105.721
datum1438	15.268	9.875	18.278	23.780
datum1439	3.407	14.652	14.243	338.526
datum1440	0.963	4.103	16.199	75.025
datum1441	5.208	10.168	11.475	27.128
datum1442	17.446	0.539	17.725	55.623
datum1443	15.258	5.262	16.423	48.178
datum1444	17.924	11.071	10.234	107.012
datum1445	16.286	14.310	15.470	127.810
datum1446	4.185	15.735	12.122	34.795
datum1447	16.583	3.166	14.035	58.620
datum1448	18.098	15.554	15.390	105.337
datum1449	5.017	15.446	12.667	40.231
datum1450	14.526	2.833	11.627	211.409
datum1451	4.001	3.835	11.230	33.583
datum1452	0.840	15.392	17.729	28.421
datum1453	19.807	16.458	13.430	25.302
datum1454	12.770	0.121	11.253	42.661
datum1455	19.522	16.603	14.985	40.505
datum1456	14.701	14.325	10.218	29.685
datum1457	19.096	5.665	12.697	28.440
datum1458	18.615	13.925	10.179	26.133
datum1459	1.815	4.359	15.077	196.709
datum1460	11.698	6.003	11.903	62.877
datum1461	15.002	4.222	11.930	25.812
datum1462	14.867	14.048	12.349	20.161
datum1463	15.549	15.243	16.586	67.088
datum1464	12.922	8.701	10.914	34.876
datum1465	10.774	16.097	10.786	38.628
datum1466	11.536	14.124	10.357	44.821
datum1467	3.893	10.642	13.474	543.297
datum1468	15.566	1.020	14.699	33.601
datum1469	10.123	15.386	16.702	38.973
datum1470	0.450	16.525	12.530	26.480
datum1471	15.091	12.420	17.226	52.890
datum1472	16.532	16.453	10.111	1539.702
datum1473	15.470	11.222	10.344	189.630
datum1474	8.010	0.391	14.619	95.706
datum1475	3.394	8.925	16.745	29.232
datum1476	17.067	16.357	13.061	21.843
datum1477	14.695	16.231	15.333	31.197
datum1478	16.619	10.904	12.621	66.583
datum1479	1.811	14.884	12.167	271.087
datum1480	5.046	3.550	16.467	618.651
datum1481	16.425	16.070	12.514	46.951
datum1482	4.312	14.104	18.790	28.950
datum1483	6.999	12.294	11.119	186.954
datum1484	14.525	14.900	17.590	85.923
datum1485	9.088	16.178	16.993	280.846
datum1486	5.753	10.081	10.432	23.492
datum1487	11.733	10.003	14.703	21.500
datum1488	6.134	4.712	11.482	54.479
datum1489	12.427	8.590	14.456	40.919
datum1490	7.044	10.979	15.559	33.666
datum1491	16.203	6.593	12.824	59.882
datum1492	2.446	15.253	13.046	27.407
datum1493	11.676	13.014	15.970	29.694
datum1494	16.138	4.638	14.760	119.091
datum1495	0.845	14.529	11.278	25.467
datum1496	9.518	1.271	14.308	37.683
datum1497	7.251	12.805	17.180	32.139
datum1498	8.879	12.736	11.582	31.943
datum1499	2.459	9.691	14.879	72.898
datum1500	17.791	16.382	16.350	23.760
datum1501	16.622	2.555	11.675	2523.685
datum1502	17.912	10.694	15.056	61.329
datum1503	15.438	6.749	10.118	25.875
datum1504	14.124	11.950	18.799	39.868
datum1505	3.597	13.118	18.575	187.567
datum1506	2.417	9.122	18.140	157.110
datum1507	3.011	15.500	18.126	52.994
datum1508	9.822	15.264	11.407	280.828
datum1509	11.939	12.826	17.320	22.070
datum1510	6.082	0.266	13.457	149.331
datum1511	5.521	6.330	19.202	91.492
datum1512	8.169	15.474	10.740	42.630
datum1513	4.706	0.164	17.326	34.407
datum1514	18.793	0.088	10.710	25.728
datum1515	13.398	5.712	11.113	29.808
datum1516	14.304	3.601	14.531	21.689
datum1517	16.714	6.708	13.086	20.017
datum1518	5.684	0.505	10.575	677.543
datum1519	15.753	10.409	10.711	24.432
datum1520	18.269	12.991	14.146	59.891
datum1521	18.912	6.766	15.340	35.772
datum1522	4.444	12.184	17.083	35.870
datum1523	18.864	12.257	10.277	28.332
datum1524	16.509	2.133	18.555	55.632
datum1525	16.148	0.270	12.344	22.204
datum1526	11.834	16.024	14.107	25.744
datum1527	6.964	7.534	13.463	46.806
datum1528	4.849	1.610	13.904	26.488
datum1529	0.484	1.080	17.388	58.129
datum1530	7.344	8.429	12.827	57.190
datum1531	7.089	6.762	11.034	40.395
datum1532	11.541	12.954	14.203	23.444
datum1533	8.548	15.467	12.928	23.683
datum1534	15.933	5.794	10.821	60.376
datum1535	7.271	7.490	14.479	27.410
datum1536	11.644	8.351	15.571	131.347
datum1537	14.807	11.337	12.342	51.412
datum1538	8.274	8.974	12.271	77.966
datum1539	17.186	6.984	11.640	82.972
datum1540	18.273	7.683	11.454	30.469
datum1541	5.531	13.651	12.480	67.688
datum1542	6.485	8.886	15.698	32.755
datum1543	19.376	15.911	18.376	53.767
datum1544	6.898	10.576	17.713	246.960
datum1545	2.085	10.792	12.276	32.732
datum1546	0.184	10.166	19.749	36.180
datum1547	13.147	6.812	15.106	89.630
datum1548	17.984	3.366	19.479	50.053
datum1549	9.421	1.939	17.884	62.595
datum1550	15.809	9.681	19.772	91.519
datum1551	14.985	11.005	10.371	43.670
datum1552	2.474	14.815	10.657	152.073
datum1553	13.142	12.450	12.335	523.532
datum1554	10.404	11.705	13.276	24.238
datum1555	6.264	14.441	19.087	983.665
datum1556	2.371	5.444	17.544	147.501
datum1557	19.092	2.833	15.413	174.167
datum1558	1.643	2.043	12.283	29.647
datum1559	1.462	1.022	19.297	20.461
datum1560	5.010	12.526	11.507	40.267
datum1561	5.914	13.357	14.443	60.417
datum1562	8.042	15.366	13.005	21.830
datum1563	17.528	2.569	14.325	63.298
datum1564	8.019	11.272	12.288	54.287
datum1565	10.027	9.804	10.847	239.684
datum1566	0.784	8.087	16.476	24.408
datum1567	14.736	1.905	14.947	945.476
datum1568	19.498	12.600	16.230	1135.443
datum1569	18.553	11.332	17.205	25.646
datum1570	10.946	15.394	15.568	184.632
datum1571	19.945	14.960	10.750	327.514
datum1572	6.544	9.635	17.221	253.463
datum1573	7.751	12.069	13.484	20.907
datum1574	15.305	10.281	18.702	62.029
datum1575	7.477	7.544	19.335	39.707
datum1576	5.900	10.906	15.418	20.939
datum1577	7.203	9.115	18.765	363.210
datum1578	1.062	9.120	17.444	20.745
datum1579	17.298	16.173	11.236	45.238
datum1580	14.691	14.630	11.587	40.227
datum1581	16.300	11.449	13.410	173.876
datum1582	14.983	13.726	15.665	109.602
datum1583	4.946	14.682	18.981	20.310
datum1584	5.445	16.153	18.433	71.624
datum1585	2.897	2.042	15.702	78.299
datum1586	18.732	8.047	11.310	30.080
datum1587	12.215	5.827	19.330	104.867
datum1588	10.059	15.989	19.872	53.665
datum1589	5.437	12.387	16.507	23.147
datum1590	6.335	6.431	18.392	29.238
datum1591	3.095	2.336	19.211	33.696
datum1592	18.041	5.072	15.536	20.528
datum1593	9.446	1.213	11.132	50.122
datum1594	12.111	16.614	11.441	34.342
datum1595	8.554	13.404	14.293	45.539
datum1596	3.879	2.295	19.103	50.338
datum1597	19.695	0.840	11.352	164.594
datum1598	6.042	0.766	11.656	113.241
datum1599	13.589	15.447	14.500	20.355
datum1600	5.703	6.439	11.615	34.624
datum1601	10.506	5.147	16.916	29.841
datum1602	0.932	12.509	15.434	36.580
datum1603	3.531	6.995	14.105	38.662
datum1604	6.396	5.407	12.248	20.177
datum1605	14.478	3.565	14.585	36.581
datum1606	14.878	16.324	11.119	49.888
datum1607	2.349	7.031	17.096	22.421
datum1608	19.064	16.397	13.608	21.069
datum1609	6.797	5.916	17.740	26.303
datum1610	2.156	8.048	16.320	21.182
datum1611	15.072	8.588	10.559	26.115
datum1612	9.718	2.723	18.745	37.219
datum1613	6.200	0.067	16.729	131.641
datum1614	0.428	0.005	11.805	37.505
datum1615	2.280	12.581	18.798	38.566
datum1616	18.218	13.895	17.918	44.804
datum1617	10.246	8.893	15.962	31.368
datum1618	11.587	13.958	17.711	42.152
datum1619	0.442	16.351	19.375	29.718
datum1620	8.734	6.542	10.826	421.182
datum1621	15.755	11.151	11.836	23.828
datum1622	17.515	1.622	16.669	1034.748
datum1623	9.079	3.814	13.428	431.329
datum1624	14.067	15.387	11.117	25.821
datum1625	18.395	15.524	14.308	34.834
datum1626	14.044	12.960	19.188	27.653
datum1627	13.669	9.396	12.519	223.425
datum1628	6.542	5.630	18.094	23.812
datum1629	2.672	15.755	11.052	2861.761
datum1630	17.150	16.341	19.482	87.805
datum1631	6.942	1.163	11.008	48.033
datum1632	2.489	16.324	19.212	22.603
datum1633	12.845	16.563	10.896	1050.673
datum1634	1.962	5.137	18.242	71.233
datum1635	14.268	2.764	18.139	23.724
datum1636	7.631	2.619	10.633	39.882
datum1637	8.417	9.041	12.719	61.176
datum1638	2.399	16.779	17.317	34.720
datum1639	13.764	12.910	11.507	44.591
datum1640	12.269	16.038	16.040	124.200
datum1641	11.826	9.741	18.272	176.374
datum1642	10.386	10.896	16.750	27.533
datum1643	12.195	11.415	12.571	41.679
datum1644	17.207	0.265	17.893	29.284
datum1645	3.663	14.179	17.379	108.012
datum1646	5.421	1.879	17.996	20.198
datum1647	7.371	5.976	19.823	105.358
datum1648	17.811	0.770	19.621	498.633
datum1649	5.037	7.358	10.352	23.896
datum1650	10.011	2.658	10.313	37.493
datum1651	18.505	9.198	18.716	33.750
datum1652	17.506	14.874	10.458	83.826
datum1653	18.163	2.292	11.317	268.324
datum1654	2.783	0.954	12.194	20.512
datum1655	12.290	12.594	11.312	26.013
datum1656	19.758	15.871	11.089	41.570
datum1657	1.700	6.261	12.210	26.063
datum1658	13.032	1.456	14.017	32.525
datum1659	3.175	4.650	16.721	226.910
datum1660	19.050	9.333	14.479	2911.269
datum1661	0.638	10.539	16.737	67.797
datum1662	16.802	9.847	13.304	45.865
datum1663	12.015	7.805	17.762	59.411
datum1664	1.495	1.836	17.685	24.366
datum1665	19.904	12.201	14.101	103.257
datum1666	14.881	8.556	12.175	61.326
datum1667	13.792	1.143	16.893	41.001
datum1668	9.602	8.853	17.835	30.042
datum1669	9.808	9.783	12.951	40.411
datum1670	5.829	16.023	15.299	80.605
datum1671	17.415	11.467	16.069	27.204
datum1672	17.635	12.728	10.256	20.917
datum1673	17.343	7.990	16.858	45.311
datum1674	11.912	16.767	12.328	105.311
datum1675	18.573	0.581	13.521	184.833
datum1676	19.714	5.067	14.826	36.131
datum1677	2.144	13.174	12.598	23.212
datum1678	13.154	10.245	13.260	38.692
datum1679	14.157	5.795	10.797	21.336
datum1680	11.224	14.301	19.351	35.208
datum1681	10.459	2.393	14.054	44.874
datum1682	19.300	8.201	10.243	142.914
datum1683	18.067	9.165	13.184	105.534
datum1684	10.063	8.340	19.468	28.165
datum1685	1.560	7.915	18.095	84.679
datum1686	1.344	14.037	16.730	28.688
datum1687	3.150	8.766	17.613	44.573
datum1688	2.633	9.824	11.324	684.103
datum1689	0.972	5.683	11.913	44.856
datum1690	5.085	12.290	15.918	69.967
datum1691	6.920	12.972	16.150	24.049
datum1692	16.894	12.656	16.558	23.334
datum1693	0.071	0.747	16.177	36.378
datum1694	5.279	4.966	11.948	49.793
datum1695	9.432	0.535	13.079	40.478
datum1696	6.454	2.479	15.923	30.437
datum1697	15.467	7.754	13.492	21.071
datum1698	14.572	7.319	17.687	30.742
datum1699	8.590	14.152	18.117	65.321
datum1700	18.915	8.384	17.826	190.216
datum1701	11.977	16.301	12.197	29.188
datum1702	4.928	4.105	10.332	22.316
datum1703	19.261	9.596	13.277	25.378
datum1704	18.762	11.927	10.020	50.880
datum1705	3.386	13.526	10.748	22.057
datum1706	4.496	13.247	15.189	28.655
datum1707	8.781	16.082	11.683	39.487
datum1708	14.852	11.275	12.957	21.999
datum1709	17.002	9.907	19.046	46.642
datum1710	7.954	6.234	16.249	49.178
datum1711	1.406	16.745	10.425	69.593
datum1712	6.632	7.219	10.349	21.444
datum1713	2.523	7.334	19.172	21.341
datum1714	3.339	15.733	12.455	25.548
datum1715	5.962	9.659	19.132	109.403
datum1716	1.950	5.613	11.222	30.744
datum1717	4.608	11.486	16.069	26.738
datum1718	6.112	10.377	19.021	22.064
datum1719	19.011	3.244	10.864	22.631
datum1720	13.845	5.489	13.738	73.072
datum1721	6.185	5.559	19.355	21.734
datum1722	2.985	2.663	17.077	22.137
datum1723	3.678	11.669	14.378	22.717
datum1724	13.221	11.228	16.298	106.968
datum1725	16.770	6.969	11.976	36.234
datum1726	16.114	16.589	16.601	24.105
datum1727	14.206	14.027	18.385	43.155
datum1728	12.292	4.895	11.139	90.767
datum1729	12.574	5.235	18.032	259.994
datum1730	14.390	15.844	18.956	20.681
datum1731	14.492	13.593	12.572	39.103
datum1732	19.695	11.648	14.976	21.211
datum1733	8.498	12.592	16.949	80.967
datum1734	2.485	16.486	14.863	32.474
datum1735	2.698	2.880	10.847	30.650
datum1736	13.536	13.755	14.143	25.440
datum1737	3.387	10.506	17.625	46.000
datum1738	3.435	12.961	17.973	30.176
datum1739	19.473	14.992	11.009	45.049
datum1740	11.880	1.828	17.891	29.710
datum1741	15.134	14.838	14.758	25.490
datum1742	18.615	2.712	16.198	42.999
datum1743	12.999	12.400	14.559	63.149
datum1744	7.776	10.709	11.015	80.077
datum1745	18.669	16.226	13.315	108.644
datum1746	6.086	14.083	15.631	24.456
datum1747	18.353	3.008	14.925	20.703
datum1748	14.349	3.493	11.798	35.397
datum1749	16.270	3.223	11.136	60.677
datum1750	9.057	16.136	11.708	45.102
datum1751	10.692	6.010	19.656	22.473
datum1752	8.744	0.297	14.052	36.785
datum1753	7.855	3.711	19.078	4662.276
datum1754	5.148	2.020	12.680	28.745
datum1755	1.230	11.297	16.236	21.532
datum1756	0.287	4.024	17.624	51.431
datum1757	9.762	7.283	11.776	80.626
datum1758	15.737	13.198	10.053	30.615
datum1759	18.418	4.446	12.505	30.231
datum1760	4.565	0.574	18.853	42.096
datum1761	5.448	6.041	17.224	27.797
datum1762	13.286	2.034	19.402	170.919
datum1763	13.287	5.205	10.977	68.810
datum1764	3.616	6.225	19.390	33.037
datum1765	12.181	16.607	10.380	58.007
datum1766	17.119	5.031	11.309	42.499
datum1767	10.939	7.376	16.779	36.810
datum1768	9.559	3.970	10.715	31.592
datum1769	4.679	14.668	17.913	54.355
datum1770	14.453	10.211	13.080	37.950
datum1771	17.783	0.288	10.077	1463.744
datum1772	10.660	6.565	13.803	25.540
datum1773	17.530	10.634	12.383	70.044
datum1774	5.196	14.521	13.197	20.236
datum1775	19.962	10.126	16.225	66.472
datum1776	0.034	1.570	13.565	20.914
datum1777	8.056	3.728	16.144	78.549
datum1778	7.681	13.469	14.011	52.928
datum1779	8.797	11.771	19.462	46.679
datum1780	8.930	2.096	11.338	36.736
datum1781	5.223	14.185	10.362	33.721
datum1782	0.270	16.729	15.258	65.392
datum1783	18.054	15.548	17.695	23.984
datum1784	17.072	12.243	11.042	30.281
datum1785	5.438	13.367	12.927	56.832
datum1786	18.790	10.468	10.950	31.275
datum1787	0.910	13.319	19.387	153.888
datum1788	10.485	6.248	14.386	30.889
datum1789	0.255	11.977	15.074	90.035
datum1790	0.673	3.757	10.277	48.804
datum1791	5.553	10.951	17.939	315.607
datum1792	4.934	14.731	13.915	24.686
datum1793	11.790	3.891	11.206	31.165
datum1794	15.349	14.580	14.037	21.566
datum1795	7.711	2.914	17.347	23.070
datum1796	18.602	14.700	15.686	24.235
datum1797	2.209	12.497	13.267	34.125
datum1798	12.202	11.443	11.842	20.417
datum1799	14.917	9.405	10.778	23.531
datum1800	0.977	15.266	16.679	73.914
datum1801	8.651	4.137	11.789	21.506
datum1802	4.566	0.830	13.549	81.444
datum1803	14.735	4.115	16.464	60.103
datum1804	12.424	3.594	13.259	25.190
datum1805	12.960	14.441	10.094	33.885
datum1806	8.449	8.799	10.805	42.752
datum1807	19.283	14.919	10.556	175.541
datum1808	3.410	9.730	13.290	20.331
datum1809	19.522	10.906	11.127	29.870
datum1810	1.813	9.547	19.252	42.418
datum1811	0.799	15.950	18.713	44.706
datum1812	5.105	5.023	12.603	21.463
datum1813	16.700	7.840	18.580	41.850
datum1814	5.113	6.736	12.488	69.652
datum1815	14.336	12.244	13.632	701.035
datum1816	7.790	14.829	19.484	21.326
datum1817	9.540	6.345	17.856	23.988
datum1818	6.591	9.599	15.834	92.198
datum1819	10.009	9.031	13.457	100.366
datum1820	12.184	4.789	16.887	78.655
datum1821	12.002	11.381	11.505	43.620
datum1822	5.310	11.925	15.125	97.918
datum1823	14.391	11.036	18.385	26.318
datum1824	1.494	14.998	11.342	24.150
datum1825	5.130	6.590	15.626	130.524
datum1826	0.708	10.242	11.367	22.362
datum1827	12.948	1.219	10.248	68.416
datum1828	13.817	6.769	16.136	169.377
datum1829	4.422	13.729	15.401	40.977
datum1830	4.630	2.653	13.671	57.384
datum1831	17.661	9.172	17.134	27.809
datum1832	15.033	6.299	18.125	20.579
datum1833	1.857	3.212	17.255	32.825
datum1834	16.605	8.362	12.910	39.215
datum1835	1.060	7.521	12.135	514.186
datum1836	18.320	9.693	12.692	989.922
datum1837	18.803	13.407	19.217	34.614
datum1838	17.407	2.350	10.193	24.428
datum1839	15.368	3.654	10.427	20.680
datum1840	13.833	11.699	19.124	68.752
datum1841	15.438	6.300	12.174	55.948
datum1842	9.311	13.052	11.995	33.645
datum1843	4.739	12.234	15.939	77.332
datum1844	6.165	10.504	12.358	37.081
datum1845	18.812	15.941	11.320	26.144
datum1846	13.611	16.217	10.389	35.778
datum1847	1.542	10.947	10.510	56.132
datum1848	12.770	13.294	18.446	72.134
datum1849	16.723	13.306	11.394	163.863
datum1850	0.033	15.001	14.281	25.258
datum1851	2.311	10.333	10.987	72.635
datum1852	15.561	11.599	14.560	32.236
datum1853	17.149	11.824	19.021	22.921
datum1854	7.825	0.938	12.382	36.538
datum1855	10.915	13.449	10.887	139.335
datum1856	0.308	8.171	15.395	106.377
datum1857	5.492	9.593	12.604	46.966
datum1858	13.496	3.334	11.848	21.524
datum1859	3.973	10.993	18.411	120.907
datum1860	5.175	14.554	13.966	144.118
datum1861	3.168	13.182	12.632	139.620
datum1862	17.454	12.315	13.053	26.610
datum1863	16.263	16.721	13.244	23.526
datum1864	14.967	6.564	11.489	23.715
datum1865	8.866	12.886	18.034	20.713
datum1866	16.789	0.277	18.364	22.443
datum1867	14.039	6.271	12.047	21.099
datum1868	6.229	3.837	13.375	36.529
datum1869	12.910	2.896	13.040	29.700
datum1870	0.660	2.149	10.987	22.576
datum1871	18.579	5.419	12.464	37.592
datum1872	14.300	12.270	19.664	32.208
datum1873	3.870	13.092	16.374	23.022
datum1874	6.000	9.534	12.126	51.351
datum1875	14.076	2.612	19.937	60.370
datum1876	11.168	14.625	12.650	104.266
datum1877	16.149	8.077	11.602	27.639
datum1878	17.290	16.255	15.600	32.412
datum1879	2.988	12.387	11.557	41.668
datum1880	16.278	2.964	19.529	27.096
datum1881	1.014	13.343	11.038	22.233
datum1882	14.764	1.970	18.472	22.229
datum1883	7.616	13.812	18.098	61.091
datum1884	11.741	13.873	19.040	56.291
datum1885	7.550	9.455	11.708	31.747
datum1886	17.563	12.615	11.801	22.512
datum1887	8.843	13.537	14.696	111.713
datum1888	1.415	16.569	16.523	281.122
datum1889	8.013	14.068	16.625	32.691
datum1890	12.207	2.144	16.558	32.775
datum1891	17.052	10.122	13.776	39.007
datum1892	13.123	0.304	11.995	24.219
datum1893	3.373	2.435	11.096	161.359
datum1894	12.532	16.134	15.894	387.530
datum1895	7.362	14.851	17.326	21.469
datum1896	14.089	1.268	14.510	34.473
datum1897	16.200	8.416	16.895	24.923
datum1898	18.376	1.131	14.182	31.690
datum1899	18.474	15.748	19.134	24.284
datum1900	2.723	11.435	10.711	23.995
datum1901	10.929	9.961	12.324	22.259
datum1902	18.632	14.177	15.896	31.454
datum1903	13.188	14.418	19.278	199.771
datum1904	5.851	4.212	14.397	54.370
datum1905	8.700	15.799	17.905	56.261
datum1906	7.369	11.559	13.155	57.447
datum1907	18.250	16.454	12.094	28.377
datum1908	8.971	15.087	15.377	39.660
datum1909	16.943	5.310	14.320	53.793
datum1910	18.159	6.524	11.552	71.251
datum1911	3.700	0.902	16.036	21.180
datum1912	9.333	13.558	16.323	31.739
datum1913	18.024	9.757	17.130	24.714
datum1914	3.347	6.123	17.391	27.054
datum1915	5.075	6.401	12.015	20.276
datum1916	14.552	14.997	11.050	21.716
datum1917	10.665	0.849	11.504	72.437
datum1918	15.122	10.212	15.085	21.547
datum1919	1.093	10.251	10.400	21.867
datum1920	11.732	15.895	12.058	54.507
datum1921	14.627	6.561	10.325	25.927
datum1922	1.037	14.427	13.566	437904.174
datum1923	6.270	12.890	12.622	26.161
datum1924	14.311	11.652	13.144	59.025
datum1925	19.262	14.260	14.386	149.716
datum1926	16.567	3.856	12.133	35.424
datum1927	18.246	14.828	10.617	50.621
datum1928	17.742	15.124	11.121	32.038
datum1929	0.217	10.709	14.153	111.456
datum1930	5.168	1.130	16.105	41.642
datum1931	19.693	5.989	17.441	51.910
datum1932	13.652	5.566	12.281	48.124
datum1933	10.059	1.910	18.134	1292.453
datum1934	7.405	6.006	14.381	228.270
datum1935	9.151	10.465	18.752	24.523
datum1936	17.247	0.677	17.387	99.107
datum1937	16.583	11.918	18.373	49.775
datum1938	5.097	10.246	10.610	23.938
datum1939	13.361	15.476	17.110	621.038
datum1940	8.106	16.572	17.354	42.000
datum1941	12.354	15.508	16.151	221.498
datum1942	16.644	15.530	13.048	20.237
datum1943	6.710	13.386	11.620	91.074
datum1944	7.602	10.770	13.498	230.744
datum1945	11.969	14.210	18.336	142.025
datum1946	19.156	16.654	13.067	30.511
datum1947	6.823	9.757	11.971	190.092
datum1948	16.385	12.694	11.489	44.186
datum1949	5.617	6.471	16.255	28.102
datum1950	7.505	0.687	10.027	811.853
datum1951	8.821	12.742	11.019	23.561
datum1952	6.975	15.454	14.842	2442.017
datum1953	10.675	13.860	19.866	36.062
datum1954	12.954	3.559	19.724	27.861
datum1955	19.054	14.466	14.719	47.502
datum1956	15.265	16.626	19.825	25.254
datum1957	9.653	10.489	19.954	100.319
datum1958	14.710	8.858	10.627	24.794
datum1959	11.403	9.816	11.212	2652.651
datum1960	12.098	10.549	16.015	53.013
datum1961	0.787	15.333	17.008	39.763
datum1962	3.183	6.862	13.436	21.382
datum1963	7.597	9.472	17.033	78.848
datum1964	6.205	1.240	19.115	39.866
datum1965	19.608	12.764	15.072	39.642
datum1966	5.940	1.470	17.205	60.905
datum1967	18.796	3.521	11.860	39.460
datum1968	5.870	14.359	17.331	31.443
datum1969	3.007	7.181	11.869	100.487
datum1970	13.441	8.332	10.075	42.418